clusters:
  primary:
    nodes:
      - name: siena06
        ip_address: 130.149.248.105
        cores: 32
        mem_gb: 125
        disk_gb: 1024
      - name: cpu06
        ip_address: 130.149.248.62
        cores: 32
        mem_gb: 125
        disk_gb: 1024
  secondary:
    nodes:
      - name: cpu10
        ip_address: 130.149.248.66
        cores: 32
        mem_gb: 125
        disk_gb: 1024
      - name: gpu06
        ip_address: 130.149.248.55
        cores: 32
        mem_gb: 125
        disk_gb: 1024
    prices:
      vcpu_hour: 0.04656
      mem_gb_hour: 0.00511
      disk_gb_hour: 0.000132
      net_gb_hour: 0.000132
